   1.70000000000000e+00  -8.00999465350395e+00  -7.99033304835392e+00  -3.29015927759604e-03   5.04000000000000e-04
   1.71616161616162e+00  -8.00999418229622e+00  -7.99059416650682e+00  -3.28503599049901e-03   4.51159677583920e-04
   1.73232323232323e+00  -8.00999369038222e+00  -7.99085670680359e+00  -3.27976657822675e-03   4.01244770941741e-04
   1.74848484848485e+00  -8.00999317645791e+00  -7.99112071211679e+00  -3.27434498604954e-03   3.54255280073462e-04
   1.76464646464646e+00  -8.00999263911100e+00  -7.99138622722948e+00  -3.26876481967844e-03   3.10191204979084e-04
   1.78080808080808e+00  -8.00999207680973e+00  -7.99165329895046e+00  -3.26301932084411e-03   2.69052545658606e-04
   1.79696969696970e+00  -8.00999148789017e+00  -7.99192197623758e+00  -3.25710134083959e-03   2.30839302112030e-04
   1.81313131313131e+00  -8.00999087054205e+00  -7.99219231033125e+00  -3.25100331160058e-03   1.95551474339353e-04
   1.82929292929293e+00  -8.00999022279252e+00  -7.99246435489766e+00  -3.24471721426540e-03   1.63189062340578e-04
   1.84545454545455e+00  -8.00998954248791e+00  -7.99273816618397e+00  -3.23823454476601e-03   1.33752066115702e-04
   1.86161616161616e+00  -8.00998882727298e+00  -7.99301380318529e+00  -3.23154627631518e-03   1.07240485664728e-04
   1.87777777777778e+00  -8.00998807456723e+00  -7.99329132782567e+00  -3.22464281828607e-03   8.36543209876543e-05
   1.89393939393939e+00  -8.00998728153788e+00  -7.99357080515353e+00  -3.21751397121739e-03   6.29935720844813e-05
   1.91010101010101e+00  -8.00998644506897e+00  -7.99385230355387e+00  -3.21014887738180e-03   4.52582389552087e-05
   1.92626262626263e+00  -8.00998556172575e+00  -7.99413589497749e+00  -3.20253596662908e-03   3.04483215998369e-05
   1.94242424242424e+00  -8.00998462771381e+00  -7.99442165519048e+00  -3.19466289669128e-03   1.85638200183655e-05
   1.95858585858586e+00  -8.00998363883170e+00  -7.99470966404450e+00  -3.18651648759999e-03   9.60473421079479e-06
   1.97474747474747e+00  -8.00998259041611e+00  -7.99500000577083e+00  -3.17808264931600e-03   3.57106417712480e-06
   1.99090909090909e+00  -8.00998147727797e+00  -7.99529276929962e+00  -3.16934630198504e-03   4.62809917355389e-07
   2.00707070707071e+00  -8.00998029362795e+00  -7.99558804860757e+00  -3.16029128776890e-03   2.79971431486578e-07
   2.02323232323232e+00  -8.00997903298904e+00  -7.99588594309583e+00  -3.15090027349369e-03   3.02254871951843e-06
   2.03939393939394e+00  -8.00997768809378e+00  -7.99618655800130e+00  -3.14115464291414e-03   8.69054178145094e-06
   2.05555555555556e+00  -8.00997625076265e+00  -7.99649000484408e+00  -3.13103437746793e-03   1.72839506172838e-05
   2.07171717171717e+00  -8.00997471175994e+00  -7.99679640191368e+00  -3.12051792431922e-03   2.88027752270176e-05
   2.08787878787879e+00  -8.00997306062172e+00  -7.99710587479732e+00  -3.10958205017906e-03   4.32470156106520e-05
   2.10404040404040e+00  -8.00997128544994e+00  -7.99741855695242e+00  -3.09820167959877e-03   6.06166717681871e-05
   2.12020202020202e+00  -8.00996937266435e+00  -7.99773459032571e+00  -3.08634971613441e-03   8.09117436996222e-05
   2.13636363636364e+00  -8.00996730670225e+00  -7.99805412602014e+00  -3.07399684497667e-03   1.04132231404959e-04
   2.15252525252525e+00  -8.00996506965302e+00  -7.99837732500909e+00  -3.06111131573480e-03   1.30278134884195e-04
   2.16868686868687e+00  -8.00996264081061e+00  -7.99870435889652e+00  -3.04765870419217e-03   1.59349454137333e-04
   2.18484848484848e+00  -8.00995999612200e+00  -7.99903541071532e+00  -3.03360165290526e-03   1.91346189164370e-04
   2.20101010101010e+00  -8.00995710750325e+00  -7.99937067575426e+00  -3.01889959094824e-03   2.26268339965309e-04
   2.21717171717172e+00  -8.00995394198508e+00  -7.99971036239283e+00  -3.00350843537035e-03   2.64115906540149e-04
   2.23333333333333e+00  -8.00995046063785e+00  -8.00005469291244e+00  -2.98738027946779e-03   3.04888888888889e-04
   2.24949494949495e+00  -8.00994661720832e+00  -8.00040390423407e+00  -2.97046307736336e-03   3.48587287011530e-04
   2.26565656565657e+00  -8.00994235637658e+00  -8.00075824850412e+00  -2.95270034170543e-03   3.95211100908070e-04
   2.28181818181818e+00  -8.00993761150801e+00  -8.00111799340957e+00  -2.93403088198936e-03   4.44760330578512e-04
   2.29797979797980e+00  -8.00993230172729e+00  -8.00148342204088e+00  -2.91438862850068e-03   4.97234976022855e-04
   2.31414141414141e+00  -8.00992632807327e+00  -8.00185483202720e+00  -2.89370261376469e-03   5.52635037241097e-04
   2.33030303030303e+00  -8.00991956839509e+00  -8.00223253352540e+00  -2.87189722608425e-03   6.10960514233241e-04
   2.34646464646465e+00  -8.00991187050678e+00  -8.00261684542775e+00  -2.84889291630045e-03   6.72211406999286e-04
   2.36262626262626e+00  -8.00990304290757e+00  -8.00300808882028e+00  -2.82460764494338e-03   7.36387715539231e-04
   2.37878787878788e+00  -8.00989284206688e+00  -8.00340657621660e+00  -2.79895952357401e-03   8.03489439853077e-04
   2.39494949494950e+00  -8.00988095481928e+00  -8.00381259431517e+00  -2.77187136856552e-03   8.73516579940823e-04
   2.41111111111111e+00  -8.00986697375243e+00  -8.00422637685115e+00  -2.74327830100107e-03   9.46469135802469e-04
   2.42727272727273e+00  -8.00985036252565e+00  -8.00464806236079e+00  -2.71314017097448e-03   1.02234710743802e-03
   2.44343434343434e+00  -8.00983040676865e+00  -8.00507762916059e+00  -2.68146155602520e-03   1.10115049484747e-03
   2.45959595959596e+00  -8.00980614464215e+00  -8.00551479650821e+00  -2.64832345875397e-03   1.18287929803081e-03
   2.47575757575758e+00  -8.00977626976390e+00  -8.00595887725723e+00  -2.61393251946190e-03   1.26753351698806e-03
   2.49191919191919e+00  -8.00973899963055e+00  -8.00640856550606e+00  -2.57869488964062e-03   1.35511315171921e-03
   2.50808080808081e+00  -8.00969190925496e+00  -8.00686164901215e+00  -2.54332059643941e-03   1.44561820222426e-03
   2.52424242424242e+00  -8.00963175224682e+00  -8.00731466469165e+00  -2.50895447928257e-03   1.53904866850322e-03
   2.54040404040404e+00  -8.00955434642068e+00  -8.00776258993237e+00  -2.47730075154024e-03   1.63540455055606e-03
   2.55656565656566e+00  -8.00945469925211e+00  -8.00819879748048e+00  -2.45065003376228e-03   1.73468584838282e-03
   2.57272727272727e+00  -8.00932764406297e+00  -8.00861563300996e+00  -2.43165198434799e-03   1.83689256198347e-03
   2.58888888888889e+00  -8.00916916569035e+00  -8.00900586495778e+00  -2.42270837406538e-03   1.94202469135802e-03
   2.60505050505050e+00  -8.00897808361028e+00  -8.00936464951694e+00  -2.42512886363722e-03   2.05008223650648e-03
   2.62121212121212e+00  -8.00875708523413e+00  -8.00969090495216e+00  -2.43855990267669e-03   2.16106519742883e-03
   2.63737373737374e+00  -8.00851221668353e+00  -8.00998714873149e+00  -2.46114575611379e-03   2.27497357412509e-03
   2.65353535353535e+00  -8.00825111269962e+00  -8.01025805802983e+00  -2.49028507513980e-03   2.39180736659525e-03
   2.66969696969697e+00  -8.00798114037890e+00  -8.01050884416387e+00  -2.52342238033217e-03   2.51156657483930e-03
   2.68585858585859e+00  -8.00770830580957e+00  -8.01074420721536e+00  -2.55849636409162e-03   2.63425119885726e-03
   2.70202020202020e+00  -8.00743697483139e+00  -8.01096794189089e+00  -2.59404242923505e-03   2.75986123864912e-03
   2.71818181818182e+00  -8.00717006299246e+00  -8.01118293812297e+00  -2.62910993434558e-03   2.88839669421487e-03
   2.73434343434343e+00  -8.00690937748453e+00  -8.01139133617127e+00  -2.66312782646864e-03   3.01985756555453e-03
   2.75050505050505e+00  -8.00665594431032e+00  -8.01159470549761e+00  -2.69578266714529e-03   3.15424385266809e-03
   2.76666666666667e+00  -8.00641026530539e+00  -8.01179419772910e+00  -2.72692699099596e-03   3.29155555555556e-03
   2.78282828282828e+00  -8.00617250231407e+00  -8.01199066348004e+00  -2.75651632562695e-03   3.43179267421692e-03
   2.79898989898990e+00  -8.00594260294711e+00  -8.01218473719381e+00  -2.78456791044815e-03   3.57495520865218e-03
   2.81515151515152e+00  -8.00572038418159e+00  -8.01237689744767e+00  -2.81113436404726e-03   3.72104315886134e-03
   2.83131313131313e+00  -8.00550558705221e+00  -8.01256750953642e+00  -2.83628718407768e-03   3.87005652484440e-03
   2.84747474747475e+00  -8.00529791202676e+00  -8.01275685559258e+00  -2.86010656217710e-03   4.02199530660137e-03
   2.86363636363636e+00  -8.00509704164981e+00  -8.01294515602489e+00  -2.88267520182601e-03   4.17685950413223e-03
   2.87979797979798e+00  -8.00490265483710e+00  -8.01313258491103e+00  -2.90407465905734e-03   4.33464911743699e-03
   2.89595959595960e+00  -8.00471443572130e+00  -8.01331928116182e+00  -2.92438326164312e-03   4.49536414651566e-03
   2.91212121212121e+00  -8.00453207894322e+00  -8.01350535670448e+00  -2.94367501196770e-03   4.65900459136823e-03
   2.92828282828283e+00  -8.00435529263479e+00  -8.01369090254574e+00  -2.96201909645351e-03   4.82557045199470e-03
   2.94444444444444e+00  -8.00418379990743e+00  -8.01387599331155e+00  -2.97947976409100e-03   4.99506172839506e-03
   2.96060606060606e+00  -8.00401733938663e+00  -8.01406069068158e+00  -2.99611642268291e-03   5.16747842056933e-03
   2.97676767676768e+00  -8.00385566514155e+00  -8.01424504601300e+00  -3.01198385936199e-03   5.34282052851750e-03
   2.99292929292929e+00  -8.00369854624303e+00  -8.01442910236376e+00  -3.02713252580002e-03   5.52108805223956e-03
   3.00909090909091e+00  -8.00354576611050e+00  -8.01461289606749e+00  -3.04160884929024e-03   5.70228099173553e-03
   3.02525252525253e+00  -8.00339712173445e+00  -8.01479645796883e+00  -3.05545555083384e-03   5.88639934700541e-03
   3.04141414141414e+00  -8.00325242285579e+00  -8.01497981440126e+00  -3.06871195281426e-03   6.07344311804918e-03
   3.05757575757576e+00  -8.00311149112876e+00  -8.01516298796618e+00  -3.08141427251167e-03   6.26341230486685e-03
   3.07373737373737e+00  -8.00297415930759e+00  -8.01534599815878e+00  -3.09359589430694e-03   6.45630690745843e-03
   3.08989898989899e+00  -8.00284027046232e+00  -8.01552886187379e+00  -3.10528762157126e-03   6.65212692582390e-03
   3.10606060606061e+00  -8.00270967723537e+00  -8.01571159381698e+00  -3.11651790744161e-03   6.85087235996327e-03
   3.12222222222222e+00  -8.00258224115118e+00  -8.01589420684227e+00  -3.12731306347216e-03   7.05254320987654e-03
   3.13838383838384e+00  -8.00245783196365e+00  -8.01607671222892e+00  -3.13769745102303e-03   7.25713947556372e-03
   3.15454545454545e+00  -8.00233632706024e+00  -8.01625911991137e+00  -3.14769365260332e-03   7.46466115702479e-03
   3.17070707070707e+00  -8.00221761090907e+00  -8.01644143867042e+00  -3.15732262729966e-03   7.67510825425977e-03
   3.18686868686869e+00  -8.00210157454246e+00  -8.01662367629293e+00  -3.16660385251286e-03   7.88848076726865e-03
   3.20303030303030e+00  -8.00198811509181e+00  -8.01680583970630e+00  -3.17555544994601e-03   8.10477869605143e-03
   3.21919191919192e+00  -8.00187713535463e+00  -8.01698793509186e+00  -3.18419430040420e-03   8.32400204060811e-03
   3.23535353535354e+00  -8.00176854339673e+00  -8.01716996798103e+00  -3.19253614752470e-03   8.54615080093868e-03
   3.25151515151515e+00  -8.00166225218482e+00  -8.01735194333699e+00  -3.20059569194699e-03   8.77122497704316e-03
   3.26767676767677e+00  -8.00155817925526e+00  -8.01753386562482e+00  -3.20838667525176e-03   8.99922456892154e-03
   3.28383838383838e+00  -8.00145624640061e+00  -8.01771573887125e+00  -3.21592195765879e-03   9.23014957657382e-03
   3.30000000000000e+00  -8.00135637938790e+00  -8.01789756671639e+00  -3.22321358731300e-03   9.46400000000000e-03
